471
29162
17304
37597
26253
13749
23868
33235
17340
26964
30681
19252
15559
11192
17121
29969
24356
18803
39639
22770
21707
10712
16763
29727
12194
18785
15015
36786
13761
23215
28839
17276
34624
24556
35648
30514
23278
10160
31149
35519
30788
28322
37076
39807
37596
19153
18726
12164
25547
16200
29606
30019
12173
25152
18869
26443
26834
10784
27433
21360
26906
26538
16316
27705
26762
32639
29489
17740
19787
36940
11971
12774
33634
24112
11694
10243
11646
17854
36199
10172
23306
24477
36004
25740
20967
39574
17847
16412
19350
38337
22798
11145
20434
38282
12034
20855
36319
11900
24101
28501
10948
19780
36056
37507
34718
13539
19450
13634
13750
30418
17762
10889
15774
37427
15252
14567
12963
10096
11934
21207
24650
19865
34505
30956
26702
14356
11600
17816
12833
21312
31571
39493
38198
14093
24285
32329
37980
37730
26746
10140
22118
30771
20674
14082
31537
22670
32085
10183
38319
20767
30793
30424
37153
15429
24743
17035
31429
17991
18825
37209
22593
38095
36118
15921
27723
25020
37243
21753
21251
12589
36715
21298
23484
31138
32618
21153
15379
38808
36412
12728
34175
20422
39932
14199
11799
38129
10296
15087
39001
15698
16436
17439
38419
35553
32793
37587
32074
38721
33090
34844
19022
25953
16063
19116
38421
21572
37428
18411
12017
21638
34757
24178
21919
13527
37425
27578
24413
16680
11019
23178
20625
14725
19877
29094
24875
30703
24671
27614
32819
10300
27041
36783
14669
19787
26766
25966
12020
19533
35900
28694
25617
19322
23688
37557
30780
19604
30296
25964
21581
16646
15442
11612
28577
26766
17166
23004
20614
30580
19464
30529
17625
39428
30934
31856
31364
28481
17278
35760
33108
24080
35204
20438
15953
28279
28906
33164
21151
33728
19261
17757
15364
27398
22804
16858
17645
32859
14951
13546
30972
12261
28617
29722
17588
32382
37738
21826
11925
15651
20036
24556
27512
27243
30155
37416
20432
19505
16834
37325
28266
10956
22092
27839
30064
16401
21291
10551
21928
29856
31541
36323
27132
39254
13948
38910
14702
37191
31147
23613
10991
33742
20145
25333
28435
29817
16339
34097
15549
22237
30315
25093
12152
20678
34044
22966
13233
36573
15746
22283
32474
12621
21284
32232
25382
16265
21632
11639
23250
30871
10647
33619
27031
12302
34974
24762
34010
27213
18328
18419
13390
19224
10457
14933
17082
34043
30823
26746
14449
28528
11662
36513
35814
14390
18630
11444
20565
10377
37624
24798
37150
11122
13591
13840
20036
38269
13703
29441
14561
21554
24423
14333
35906
16554
30701
27010
34797
30625
14833
25588
12619
22128
12818
20895
33523
18098
25886
39653
37824
16811
15728
23225
30581
31692
35355
13150
38634
24435
31704
13188
10188
33620
14427
29439
23903
17426
10455
16319
22194
24313
33701
18695
17742
38901
10567
37435
33610
24713
35167
11648
19704
19057
11364
26163
31822
36701
25869
39566
14140
27868
21197
36937
36066
28827
14950
22425
26949
10505
12671
29104
39850
23026
10568
30415
